0.005 12800 120.63778088509318119 109.935234375
0.0054999999999999996808 12800 109.17628276333620035 99.559296875
0.0060000000000000001249 12800 100.33268438990873842 91.47796875
0.006500000000000000569 12800 92.792360789673860585 84.546484375
0.0070000000000000010131 12800 86.230016055506458577 78.517890625
0.0075000000000000014572 12800 80.605831570356633377 73.41984375
0.0080000000000000019013 12800 75.322725729606532863 68.543203125
0.0085000000000000023453 12800 70.700310597553967372 64.24984375
0.0090000000000000027894 12800 66.86724935460853224 60.716640625
0.0095000000000000032335 12800 63.153871358514639813 57.33265625
0.010000000000000003678 12800 60.22022978576659982 54.655
0.010500000000000004122 12800 57.398232380492166138 52.122734375
0.011000000000000004566 12800 54.541808125733660099 49.511015625
0.01150000000000000501 12800 52.22964171351766979 47.370390625
0.012000000000000005454 12800 50.115661737024068151 45.440546875
0.012500000000000005898 12800 48.13884491122057428 43.58171875
0.013000000000000006342 12800 46.390396247587409014 41.9859375
0.013500000000000006786 12800 44.529613381790641176 40.2903125
0.01400000000000000723 12800 42.865715743987287206 38.73671875
0.014500000000000007674 12800 41.415155827699243886 37.398828125
0.015000000000000008119 12800 40.039125584698979041 36.138984375
0.015500000000000008563 12800 38.734045166915329756 34.94296875
0.016000000000000007272 12800 37.594888981989765768 33.918125
0.016500000000000007716 12800 36.416576472401306334 32.851171875
0.01700000000000000816 12800 35.35133114670818808 31.868359375
0.017500000000000008604 12800 34.324129754380400722 30.93046875
0.018000000000000009048 12800 33.36365654876874012 30.031796875
0.018500000000000009492 12800 32.437098459811400606 29.184609375
0.019000000000000009936 12800 31.54800497394009991 28.370859375
0.019500000000000010381 12800 30.79629730932937054 27.68453125
0.020000000000000010825 12800 29.98347112214159018 26.94296875
0.020500000000000011269 12800 29.294389938942298586 26.2996875
0.021000000000000011713 12800 28.561543197509539787 25.64015625
0.021500000000000012157 12800 27.896254542095690425 25.022890625
0.022000000000000012601 12800 27.26894032804499981 24.4553125
0.022500000000000013045 12800 26.712281216680200709 23.944765625
0.023000000000000013489 12800 26.077622450798946575 23.3603125
0.023500000000000013933 12800 25.486004951631809732 22.8121875
0.024000000000000014377 12800 24.992616184218111634 22.370625
0.024500000000000014821 12800 24.423007271011642142 21.84703125
0.025000000000000015266 12800 23.980070932669016714 21.441875
0.02550000000000001571 12800 23.549245553837736391 21.03796875
0.026000000000000016154 12800 23.086668388515754325 20.61328125
0.026500000000000016598 12800 22.651642625214733672 20.216484375
0.027000000000000017042 12800 22.215254372392637483 19.81625
0.027500000000000017486 12800 21.799065719655304547 19.438203125
0.02800000000000001793 12800 21.423333994539856152 19.093515625
0.028500000000000018374 12800 21.068844493770811765 18.766796875
0.029000000000000018818 12800 20.68609487060748709 18.41390625
0.029500000000000019262 12800 20.309887634833461544 18.07125
0.030000000000000019706 12800 19.98085492892242186 17.768203125
0.030500000000000020151 12800 19.63741792740745096 17.453359375
0.031000000000000020595 12800 19.314141031367280454 17.156328125
0.031500000000000021039 12800 19.010468435402307848 16.878359375
0.032000000000000021483 12800 18.734964221671837896 16.630078125
0.032500000000000021927 12800 18.436975352147638512 16.352265625
0.033000000000000022371 12800 18.159778851222695797 16.100078125
0.033500000000000022815 12800 17.858039094010333769 15.8228125
0.034000000000000023259 12800 17.594736817005331667 15.580625
0.034500000000000023703 12800 17.340975761725808158 15.346328125
0.035000000000000024147 12800 17.107114294195257389 15.135703125
0.035500000000000024591 12800 16.883856274396963117 14.92890625
0.036000000000000025036 12800 16.653538364501553611 14.712890625
0.03650000000000002548 12800 16.416481176950148013 14.501015625
0.037000000000000025924 12800 16.20197482834366684 14.3065625
0.037500000000000026368 12800 15.955974370701657334 14.0790625
0.038000000000000026812 12800 15.76085775455818386 13.902109375
0.038500000000000027256 12800 15.567979789354826357 13.723125
0.0390000000000000277 12800 15.368313323357717948 13.541015625
0.039500000000000028144 12800 15.159265894670100493 13.348984375
0.040000000000000028588 12800 14.94733896459228897 13.155625
0.040500000000000029032 12800 14.783139745751040699 13.006328125
0.041000000000000029476 12800 14.601533286436329042 12.841796875
0.041500000000000029921 12800 14.412099183430732172 12.665859375
0.042000000000000030365 12800 14.260045381962120664 12.528515625
0.042500000000000030809 12800 14.085791391482432873 12.36859375
0.043000000000000031253 12800 13.918718436216881382 12.217109375
0.043500000000000031697 12800 13.737857861775288394 12.050625
0.044000000000000032141 12800 13.598545732124971669 11.9196875
0.044500000000000032585 12800 13.451039365544705974 11.785625
0.045000000000000033029 12800 13.299521601295713857 11.645390625
0.045500000000000033473 12800 13.146201401191400993 11.50578125
0.046000000000000033917 12800 13.014197473168622982 11.383125
0.046500000000000034361 12800 12.875056087599473422 11.25484375
0.047000000000000034805 12800 12.743239134431084107 11.13859375
0.04750000000000003525 12800 12.607065229673255568 11.010703125
0.048000000000000035694 12800 12.472954401614730953 10.886796875
0.048500000000000036138 12800 12.350658708086841024 10.7775
0.049000000000000036582 12800 12.212095630648275199 10.65
0.049500000000000037026 12800 12.101128515053170396 10.54890625
