0.025 12800 23.980070932669016714 21.441875
0.025500000000000001832 12800 23.549245553837736391 21.03796875
0.026000000000000002276 12800 23.086668388515754325 20.61328125
0.02650000000000000272 12800 22.651642625214733672 20.216484375
0.027000000000000003164 12800 22.215254372392637483 19.81625
0.027500000000000003608 12800 21.799065719655304547 19.438203125
0.028000000000000004052 12800 21.423333994539856152 19.093515625
0.028500000000000004496 12800 21.068844493770811765 18.766796875
0.02900000000000000494 12800 20.68609487060748709 18.41390625
0.029500000000000005385 12800 20.309887634833461544 18.07125
0.030000000000000005829 12800 19.98085492892242186 17.768203125
0.030500000000000006273 12800 19.63741792740745096 17.453359375
0.031000000000000006717 12800 19.314141031367280454 17.156328125
0.031500000000000007161 12800 19.010468435402307848 16.878359375
0.032000000000000007605 12800 18.734964221671837896 16.630078125
0.032500000000000008049 12800 18.436975352147638512 16.352265625
0.033000000000000008493 12800 18.159778851222695797 16.100078125
0.033500000000000008937 12800 17.858039094010333769 15.8228125
0.034000000000000009381 12800 17.594736817005331667 15.580625
0.034500000000000009825 12800 17.340975761725808158 15.346328125
0.03500000000000001027 12800 17.107114294195257389 15.135703125
0.035500000000000010714 12800 16.883856274396963117 14.92890625
0.036000000000000011158 12800 16.653538364501553611 14.712890625
0.036500000000000011602 12800 16.416481176950148013 14.501015625
0.037000000000000012046 12800 16.20197482834366684 14.3065625
0.03750000000000001249 12800 15.955974370701657334 14.0790625
0.038000000000000012934 12800 15.76085775455818386 13.902109375
0.038500000000000013378 12800 15.567979789354826357 13.723125
0.039000000000000013822 12800 15.368313323357717948 13.541015625
0.039500000000000014266 12800 15.159265894670100493 13.348984375
0.04000000000000001471 12800 14.94733896459228897 13.155625
0.040500000000000015155 12800 14.783139745751040699 13.006328125
0.041000000000000015599 12800 14.601533286436329042 12.841796875
0.041500000000000016043 12800 14.412099183430732172 12.665859375
0.042000000000000016487 12800 14.260045381962120664 12.528515625
0.042500000000000016931 12800 14.085791391482432873 12.36859375
0.043000000000000017375 12800 13.918718436216881382 12.217109375
0.043500000000000017819 12800 13.737857861775288394 12.050625
0.044000000000000018263 12800 13.598545732124971669 11.9196875
0.044500000000000018707 12800 13.451039365544705974 11.785625
0.045000000000000019151 12800 13.299521601295713857 11.645390625
0.045500000000000019595 12800 13.146201401191400993 11.50578125
0.04600000000000002004 12800 13.014197473168622982 11.383125
0.046500000000000020484 12800 12.875056087599473422 11.25484375
0.047000000000000020928 12800 12.743239134431084107 11.13859375
0.047500000000000021372 12800 12.607065229673255568 11.010703125
0.048000000000000021816 12800 12.472954401614730953 10.886796875
0.04850000000000002226 12800 12.350658708086841024 10.7775
0.049000000000000022704 12800 12.212095630648275199 10.65
0.049500000000000023148 12800 12.101128515053170396 10.54890625
