0.07 4096 10.888186188470082674 9.6767578125
0.070500000000000007105 4096 10.760942746800168926 9.561279296875
0.07100000000000000755 4096 10.669509706626473907 9.47412109375
0.071500000000000007994 4096 10.561962405093933853 9.37451171875
0.072000000000000008438 4096 10.4454802655581398 9.271240234375
0.072500000000000008882 4096 10.373955252148637445 9.205078125
0.073000000000000009326 4096 10.261112287984918855 9.104248046875
0.07350000000000000977 4096 10.1494922971000356 9.004638671875
0.074000000000000010214 4096 10.050637496431087084 8.912109375
0.074500000000000010658 4096 9.9609948522899081961 8.832275390625
0.075000000000000011102 4096 9.8618533790998038861 8.74072265625
0.075500000000000011546 4096 9.7779083143652589963 8.666015625
0.07600000000000001199 4096 9.6707279930110785771 8.565673828125
0.076500000000000012434 4096 9.5944788187694047428 8.50244140625
0.077000000000000012879 4096 9.4846864995323927804 8.40283203125
0.077500000000000013323 4096 9.4395966398291875363 8.357177734375
0.078000000000000013767 4096 9.3402681379517677251 8.269775390625
0.078500000000000014211 4096 9.2615018309673360911 8.198974609375
0.079000000000000014655 4096 9.1946961037208588632 8.136962890625
0.079500000000000015099 4096 9.0999914522948829871 8.047119140625
0.080000000000000015543 4096 9.0106411989210584402 7.969482421875
0.080500000000000015987 4096 8.9418455068284635234 7.90576171875
0.081000000000000016431 4096 8.8289440171401854278 7.800537109375
0.081500000000000016875 4096 8.7853601130944916466 7.763427734375
0.082000000000000017319 4096 8.721719816780208611 7.701904296875
0.082500000000000017764 4096 8.6403557296233555253 7.631591796875
0.083000000000000018208 4096 8.5714216530359189261 7.57080078125
0.083500000000000018652 4096 8.5249839540541782748 7.525390625
0.084000000000000019096 4096 8.4448860363309332639 7.452392578125
0.08450000000000001954 4096 8.346424839159964119 7.364013671875
0.085000000000000019984 4096 8.2979888570085297491 7.319091796875
0.085500000000000020428 4096 8.2408510859565354897 7.266845703125
0.086000000000000020872 4096 8.1675023993555518261 7.19970703125
0.086500000000000021316 4096 8.1120411395742043623 7.145751953125
0.08700000000000002176 4096 8.065737396587556591 7.104248046875
0.087500000000000022204 4096 7.997268764880295997 7.0419921875
0.088000000000000022649 4096 7.9294663202095921145 6.979248046875
0.088500000000000023093 4096 7.8648776732482481932 6.9208984375
0.089000000000000023537 4096 7.8101097527616188299 6.869873046875
0.089500000000000023981 4096 7.7755725873383616614 6.838134765625
0.090000000000000024425 4096 7.7386790378526649413 6.800537109375
0.090500000000000024869 4096 7.6737526098551097097 6.741455078125
0.091000000000000025313 4096 7.624608947711690065 6.6953125
0.091500000000000025757 4096 7.5661514573518550687 6.645263671875
0.092000000000000026201 4096 7.4921278485562496604 6.57958984375
0.092500000000000026645 4096 7.448311946496579003 6.53515625
0.093000000000000027089 4096 7.4097591888701555015 6.49951171875
0.093500000000000027534 4096 7.3627907162589122519 6.45556640625
0.094000000000000027978 4096 7.3126712570297555882 6.40673828125
0.094500000000000028422 4096 7.2652841885970861157 6.363037109375
0.095000000000000028866 4096 7.216457017569932115 6.31787109375
0.09550000000000002931 4096 7.1642491756506956047 6.267822265625
0.096000000000000029754 4096 7.1227883563323933305 6.2294921875
0.096500000000000030198 4096 7.0813688652556071413 6.193115234375
0.097000000000000030642 4096 7.0256608685406292059 6.142822265625
0.097500000000000031086 4096 6.9826285029625189031 6.101806640625
0.09800000000000003153 4096 6.9356995862725295934 6.057861328125
0.098500000000000031974 4096 6.8721710649713362209 6.00048828125
0.099000000000000032419 4096 6.8335211328150221759 5.964599609375
0.099500000000000032863 4096 6.7878390381298597356 5.92236328125
0.10000000000000003331 4096 6.7391169196235020223 5.879638671875
0.10050000000000003375 4096 6.7071260037260958878 5.845947265625
0.10100000000000003419 4096 6.6603057254161116035 5.805908203125
0.10150000000000003464 4096 6.6231770193263520774 5.771728515625
0.10200000000000003508 4096 6.5942905017445448803 5.742431640625
0.10250000000000003553 4096 6.5547355730387695782 5.705322265625
0.10300000000000003597 4096 6.5159200813715031641 5.669921875
0.10350000000000003642 4096 6.4616095733062117359 5.6220703125
0.10400000000000003686 4096 6.4239322847096173502 5.586181640625
0.1045000000000000373 4096 6.3841124806932606112 5.550048828125
0.10500000000000003775 4096 6.3554591301802096967 5.5234375
0.10550000000000003819 4096 6.3206544483804520463 5.492431640625
0.10600000000000003864 4096 6.2775933663832404617 5.453857421875
0.10650000000000003908 4096 6.2285599777902917794 5.406005859375
0.10700000000000003952 4096 6.1931037739289591698 5.3740234375
0.10750000000000003997 4096 6.1638021170346840231 5.346435546875
0.10800000000000004041 4096 6.1313836266546346961 5.316650390625
0.10850000000000004086 4096 6.101363000845112357 5.290283203125
0.1090000000000000413 4096 6.0591653911836625363 5.249267578125
0.10950000000000004174 4096 6.0259648890359819459 5.21826171875
0.11000000000000004219 4096 5.9964142434280625566 5.191650390625
0.11050000000000004263 4096 5.9651540120072357694 5.16259765625
0.11100000000000004308 4096 5.9239312705880357153 5.124267578125
0.11150000000000004352 4096 5.9001674722774947655 5.10205078125
0.11200000000000004396 4096 5.866296197937677634 5.0703125
0.11250000000000004441 4096 5.8447680449386654389 5.050048828125
0.11300000000000004485 4096 5.8119275672978526196 5.019287109375
0.1135000000000000453 4096 5.7797082755571189517 4.989501953125
0.11400000000000004574 4096 5.756956916990272303 4.966552734375
0.11450000000000004619 4096 5.7245719872475338146 4.9375
0.11500000000000004663 4096 5.6876228953411879181 4.9033203125
0.11550000000000004707 4096 5.6575325295002485838 4.874755859375
0.11600000000000004752 4096 5.6294626212340090268 4.8505859375
0.11650000000000004796 4096 5.6055467584334146211 4.826904296875
0.11700000000000004841 4096 5.568435580081621591 4.791748046875
0.11750000000000004885 4096 5.5490496217481688669 4.77587890625
0.11800000000000004929 4096 5.5109657507207047816 4.7412109375
0.11850000000000004974 4096 5.4886529505933660026 4.718994140625
0.11900000000000005018 4096 5.4582981482778189443 4.691162109375
0.11950000000000005063 4096 5.429848355912663686 4.664306640625
0.12000000000000005107 4096 5.4068093044744508028 4.64111328125
0.12050000000000005151 4096 5.3745245186449496381 4.613037109375
0.12100000000000005196 4096 5.3510484884008881463 4.592529296875
0.1215000000000000524 4096 5.3211838944774334968 4.563232421875
0.12200000000000005285 4096 5.2980354335577231233 4.541259765625
0.12250000000000005329 4096 5.2685392383005162608 4.51416015625
0.12300000000000005373 4096 5.2433715009761757771 4.490966796875
0.12350000000000005418 4096 5.2236330739750246203 4.471435546875
0.12400000000000005462 4096 5.1960559365389388852 4.44677734375
0.12450000000000005507 4096 5.1629646276242181981 4.417724609375
0.12500000000000005551 4096 5.144133963314905672 4.398193359375
0.12550000000000005596 4096 5.1197312553552678646 4.375732421875
0.1260000000000000564 4096 5.105525859720144743 4.363037109375
0.12650000000000005684 4096 5.0778472595419180171 4.3359375
0.12700000000000005729 4096 5.0538123609013588343 4.3154296875
0.12750000000000005773 4096 5.0252820236541525338 4.28857421875
0.12800000000000005818 4096 5.0020166259133296518 4.266357421875
0.12850000000000005862 4096 4.9828760039382659399 4.249267578125
0.12900000000000005906 4096 4.9614676477682437479 4.22900390625
0.12950000000000005951 4096 4.9408817190893747417 4.2080078125
0.13000000000000005995 4096 4.916466705753981101 4.185302734375
0.1305000000000000604 4096 4.8965394824952572777 4.16748046875
0.13100000000000006084 4096 4.876739937704074211 4.148193359375
0.13150000000000006128 4096 4.8571692264227103044 4.1298828125
0.13200000000000006173 4096 4.8312274268437471935 4.10693359375
0.13250000000000006217 4096 4.8126197397492275632 4.088623046875
0.13300000000000006262 4096 4.78888826771297342 4.0673828125
0.13350000000000006306 4096 4.7625218614671471398 4.0439453125
0.1340000000000000635 4096 4.740445776251014214 4.021240234375
0.13450000000000006395 4096 4.7194953602842127001 4.002685546875
0.13500000000000006439 4096 4.6954044730652268624 3.98046875
0.13550000000000006484 4096 4.6790854198821729163 3.964599609375
0.13600000000000006528 4096 4.6595295553229202139 3.947509765625
0.13650000000000006573 4096 4.6355876364930505795 3.925537109375
0.13700000000000006617 4096 4.6151184001266961345 3.906494140625
0.13750000000000006661 4096 4.5921533677938612973 3.8857421875
0.13800000000000006706 4096 4.5657701186160592369 3.862548828125
0.1385000000000000675 4096 4.5491866798798667095 3.84619140625
0.13900000000000006795 4096 4.5355547940427499919 3.833251953125
0.13950000000000006839 4096 4.5183376653055974035 3.818115234375
0.14000000000000006883 4096 4.4974026148934740423 3.798583984375
0.14050000000000006928 4096 4.4803288637997432164 3.7841796875
0.14100000000000006972 4096 4.4617863651822999208 3.765380859375
0.14150000000000007017 4096 4.4492051100817182297 3.753173828125
0.14200000000000007061 4096 4.4310603432884460567 3.737060546875
0.14250000000000007105 4096 4.4115142444645521898 3.719970703125
0.1430000000000000715 4096 4.3934054135870940254 3.703125
0.14350000000000007194 4096 4.376530102067082698 3.6875
0.14400000000000007239 4096 4.3626881050424906332 3.6748046875
0.14450000000000007283 4096 4.3410654808693814073 3.654541015625
0.14500000000000007327 4096 4.3188369678005366267 3.635986328125
0.14550000000000007372 4096 4.3017036340368251716 3.62060546875
0.14600000000000007416 4096 4.2898712693685874798 3.6083984375
0.14650000000000007461 4096 4.2750727511123343083 3.594482421875
0.14700000000000007505 4096 4.2586891110326144162 3.580322265625
0.1475000000000000755 4096 4.2386333336701060124 3.562744140625
0.14800000000000007594 4096 4.2269912433228309823 3.55029296875
0.14850000000000007638 4096 4.2096522304809707279 3.534423828125
0.14900000000000007683 4096 4.1943220250987312598 3.5205078125
0.14950000000000007727 4096 4.178211229738852181 3.50537109375
0.15000000000000007772 4096 4.1621116371624697716 3.491455078125
0.15050000000000007816 4096 4.1490298322066185822 3.47900390625
0.1510000000000000786 4096 4.1367919239254725662 3.4658203125
0.15150000000000007905 4096 4.1226476601859892467 3.453125
0.15200000000000007949 4096 4.1090657300734751855 3.440673828125
0.15250000000000007994 4096 4.1005646620303711241 3.431640625
0.15300000000000008038 4096 4.0819164997228477948 3.41357421875
0.15350000000000008082 4096 4.067639787353913102 3.400634765625
0.15400000000000008127 4096 4.0561399372082188065 3.389892578125
0.15450000000000008171 4096 4.0389995627581195367 3.374267578125
0.15500000000000008216 4096 4.0239118254395512641 3.360595703125
0.1555000000000000826 4096 4.0142292832598920654 3.349853515625
0.15600000000000008304 4096 3.9970868889240595588 3.33447265625
0.15650000000000008349 4096 3.9849945714652373219 3.322265625
0.15700000000000008393 4096 3.973828621173777655 3.31201171875
0.15750000000000008438 4096 3.9564712929629639022 3.296142578125
0.15800000000000008482 4096 3.9460839059059688254 3.286376953125
0.15850000000000008527 4096 3.9336417562507646192 3.273193359375
0.15900000000000008571 4096 3.9163116657791465589 3.258544921875
0.15950000000000008615 4096 3.903346305440466119 3.24560546875
0.1600000000000000866 4096 3.8945936585862120094 3.236083984375
0.16050000000000008704 4096 3.880576306674941198 3.224609375
0.16100000000000008749 4096 3.8640568503713021215 3.208984375
0.16150000000000008793 4096 3.8517981599715386658 3.19677734375
0.16200000000000008837 4096 3.8355542831747800178 3.182373046875
0.16250000000000008882 4096 3.8242149526465327625 3.171630859375
0.16300000000000008926 4096 3.8161567105503518814 3.162841796875
0.16350000000000008971 4096 3.7983822603264465669 3.14697265625
0.16400000000000009015 4096 3.7830008618452575994 3.1328125
0.16450000000000009059 4096 3.7744619047888489316 3.1240234375
0.16500000000000009104 4096 3.7597680349081718383 3.111328125
0.16550000000000009148 4096 3.7422446873087731495 3.095703125
0.16600000000000009193 4096 3.7341723236056150066 3.0869140625
0.16650000000000009237 4096 3.7183328960397339952 3.072265625
0.16700000000000009281 4096 3.7057186247294349296 3.061279296875
0.16750000000000009326 4096 3.697793633840962506 3.053466796875
0.1680000000000000937 4096 3.6854753253360641872 3.041015625
0.16850000000000009415 4096 3.672228561402561206 3.029052734375
0.16900000000000009459 4096 3.6613243777884175175 3.017822265625
0.16950000000000009504 4096 3.652203729459587666 3.010009765625
0.17000000000000009548 4096 3.6388183671497948931 2.997314453125
0.17050000000000009592 4096 3.6299684336081958811 2.98828125
0.17100000000000009637 4096 3.6204534405653240255 2.979736328125
0.17150000000000009681 4096 3.6070266174966205417 2.967529296875
0.17200000000000009726 4096 3.5979449192677673918 2.958740234375
0.1725000000000000977 4096 3.5869896825809119205 2.94873046875
0.17300000000000009814 4096 3.5730024052877897085 2.93603515625
0.17350000000000009859 4096 3.5653501053060494271 2.928466796875
0.17400000000000009903 4096 3.5554103606374133 2.919677734375
0.17450000000000009948 4096 3.5369662108881386013 2.9033203125
0.17500000000000009992 4096 3.530036611288225578 2.89599609375
0.17550000000000010036 4096 3.5204857403281484816 2.887451171875
0.17600000000000010081 4096 3.5060064035378595623 2.874267578125
0.17650000000000010125 4096 3.4978299003822807032 2.8662109375
0.1770000000000001017 4096 3.4860560840401028227 2.855712890625
0.17750000000000010214 4096 3.4736856598002287729 2.844482421875
0.17800000000000010258 4096 3.4634987961879104221 2.83447265625
0.17850000000000010303 4096 3.4563727291663793622 2.828125
0.17900000000000010347 4096 3.4362979440241065187 2.8095703125
0.17950000000000010392 4096 3.4275526886506579121 2.80224609375
0.18000000000000010436 4096 3.4176154365148756111 2.7919921875
0.18050000000000010481 4096 3.4081377683451796065 2.78369140625
0.18100000000000010525 4096 3.3982713547602030739 2.77490234375
0.18150000000000010569 4096 3.3888426821608055586 2.765625
0.18200000000000010614 4096 3.3789477835175999928 2.756591796875
0.18250000000000010658 4096 3.365528126619128491 2.744873046875
0.18300000000000010703 4096 3.3596617890133728144 2.7392578125
0.18350000000000010747 4096 3.3477699678752811523 2.728271484375
0.18400000000000010791 4096 3.3333068909617589418 2.715576171875
0.18450000000000010836 4096 3.3284878236071432751 2.7109375
0.1850000000000001088 4096 3.3162384906880821152 2.698974609375
0.18550000000000010925 4096 3.3054260637767839421 2.689697265625
0.18600000000000010969 4096 3.2958117223392105124 2.680419921875
0.18650000000000011013 4096 3.2865938719349035215 2.672607421875
0.18700000000000011058 4096 3.27509589622386693 2.662109375
0.18750000000000011102 4096 3.2679576548060110006 2.6552734375
0.18800000000000011147 4096 3.2559444569187219591 2.64404296875
0.18850000000000011191 4096 3.2439844775607892484 2.633056640625
0.18900000000000011235 4096 3.2382274585201636494 2.627685546875
0.1895000000000001128 4096 3.2262709204597462469 2.6162109375
0.19000000000000011324 4096 3.2156589529030576341 2.606689453125
0.19050000000000011369 4096 3.2075759853007881524 2.598876953125
0.19100000000000011413 4096 3.1973076654647666524 2.589111328125
0.19150000000000011458 4096 3.1897886780281034682 2.582275390625
0.19200000000000011502 4096 3.185578712788232999 2.578125
0.19250000000000011546 4096 3.1738006447174023911 2.567138671875
0.19300000000000011591 4096 3.1672720460519529871 2.5615234375
0.19350000000000011635 4096 3.1581385183236687511 2.55224609375
0.1940000000000001168 4096 3.1492258546753045809 2.5439453125
0.19450000000000011724 4096 3.1440321791987997012 2.53955078125
0.19500000000000011768 4096 3.1381287678466975893 2.533203125
0.19550000000000011813 4096 3.1298400778640414409 2.525634765625
0.19600000000000011857 4096 3.1208626941386848072 2.51708984375
0.19650000000000011902 4096 3.1147560091442495738 2.5107421875
0.19700000000000011946 4096 3.1065969633126317209 2.503173828125
0.1975000000000001199 4096 3.1012072400952869211 2.49853515625
0.19800000000000012035 4096 3.0953808141309477821 2.4921875
0.19850000000000012079 4096 3.0867926351777948628 2.484130859375
0.19900000000000012124 4096 3.0797933515005283836 2.478271484375
0.19950000000000012168 4096 3.0720603972450667686 2.47021484375
