0.005 12800 1.531705800699961846 0.99992187499999999998
0.0054999999999999996808 12800 1.531705800699961846 0.99992187499999999998
0.0060000000000000001249 12800 1.531705800699961846 0.99992187499999999998
0.006500000000000000569 12800 1.531705800699961846 0.99992187499999999998
0.0070000000000000010131 12800 1.531705800699961846 0.99992187499999999998
0.0075000000000000014572 12800 1.531705800699961846 0.99992187499999999998
0.0080000000000000019013 12800 1.531705800699961846 0.99992187499999999998
0.0085000000000000023453 12800 1.531705800699961846 0.99992187499999999998
0.0090000000000000027894 12800 1.531705800699961846 0.99992187499999999998
0.0095000000000000032335 12800 1.531705800699961846 0.99992187499999999998
0.010000000000000003678 12800 1.531705800699961846 0.99992187499999999998
0.010500000000000004122 12800 1.531705800699961846 0.99992187499999999998
0.011000000000000004566 12800 1.531705800699961846 0.99992187499999999998
0.01150000000000000501 12800 1.531705800699961846 0.99992187499999999998
0.012000000000000005454 12800 1.531705800699961846 0.99992187499999999998
0.012500000000000005898 12800 1.531705800699961846 0.99992187499999999998
0.013000000000000006342 12800 1.531705800699961846 0.99992187499999999998
0.013500000000000006786 12800 1.531705800699961846 0.99992187499999999998
0.01400000000000000723 12800 1.531705800699961846 0.99992187499999999998
0.014500000000000007674 12800 1.531705800699961846 0.99992187499999999998
0.015000000000000008119 12800 1.531705800699961846 0.99992187499999999998
0.015500000000000008563 12800 1.531705800699961846 0.99992187499999999998
0.016000000000000007272 12800 1.531705800699961846 0.99992187499999999998
0.016500000000000007716 12800 1.531705800699961846 0.99992187499999999998
0.01700000000000000816 12800 1.531705800699961846 0.99992187499999999998
0.017500000000000008604 12800 1.531705800699961846 0.99992187499999999998
0.018000000000000009048 12800 1.531705800699961846 0.99992187499999999998
0.018500000000000009492 12800 1.531705800699961846 0.99992187499999999998
0.019000000000000009936 12800 1.531705800699961846 0.99992187499999999998
0.019500000000000010381 12800 1.531705800699961846 0.99992187499999999998
0.020000000000000010825 12800 1.531705800699961846 0.99992187499999999998
0.020500000000000011269 12800 1.531705800699961846 0.99992187499999999998
0.021000000000000011713 12800 1.531705800699961846 0.99992187499999999998
0.021500000000000012157 12800 1.531705800699961846 0.99992187499999999998
0.022000000000000012601 12800 1.531705800699961846 0.99992187499999999998
0.022500000000000013045 12800 1.531705800699961846 0.99992187499999999998
0.023000000000000013489 12800 1.531705800699961846 0.99992187499999999998
0.023500000000000013933 12800 1.531705800699961846 0.99992187499999999998
0.024000000000000014377 12800 1.531705800699961846 0.99992187499999999998
0.024500000000000014821 12800 1.531705800699961846 0.99992187499999999998
0.025000000000000015266 12800 1.531705800699961846 0.99992187499999999998
0.02550000000000001571 12800 1.531705800699961846 0.99992187499999999998
0.026000000000000016154 12800 1.531705800699961846 0.99992187499999999998
0.026500000000000016598 12800 1.531705800699961846 0.99992187499999999998
0.027000000000000017042 12800 1.531705800699961846 0.99992187499999999998
0.027500000000000017486 12800 1.531705800699961846 0.99992187499999999998
0.02800000000000001793 12800 1.531705800699961846 0.99992187499999999998
0.028500000000000018374 12800 1.531705800699961846 0.99992187499999999998
0.029000000000000018818 12800 1.531705800699961846 0.99992187499999999998
0.029500000000000019262 12800 1.531705800699961846 0.99992187499999999998
0.030000000000000019706 12800 1.531705800699961846 0.99992187499999999998
0.030500000000000020151 12800 1.531705800699961846 0.99992187499999999998
0.031000000000000020595 12800 1.531705800699961846 0.99992187499999999998
0.031500000000000021039 12800 1.531705800699961846 0.99992187499999999998
0.032000000000000021483 12800 1.531705800699961846 0.99992187499999999998
0.032500000000000021927 12800 1.531705800699961846 0.99992187499999999998
0.033000000000000022371 12800 1.531705800699961846 0.99992187499999999998
0.033500000000000022815 12800 1.531705800699961846 0.99992187499999999998
0.034000000000000023259 12800 1.531705800699961846 0.99992187499999999998
0.034500000000000023703 12800 1.531705800699961846 0.99992187499999999998
0.035000000000000024147 12800 1.531705800699961846 0.99992187499999999998
0.035500000000000024591 12800 1.531705800699961846 0.99992187499999999998
0.036000000000000025036 12800 1.531705800699961846 0.99992187499999999998
0.03650000000000002548 12800 1.531705800699961846 0.99992187499999999998
0.037000000000000025924 12800 1.531705800699961846 0.99992187499999999998
0.037500000000000026368 12800 1.531705800699961846 0.99992187499999999998
0.038000000000000026812 12800 1.531705800699961846 0.99992187499999999998
0.038500000000000027256 12800 1.531705800699961846 0.99992187499999999998
0.0390000000000000277 12800 1.531705800699961846 0.99992187499999999998
0.039500000000000028144 12800 1.531705800699961846 0.99992187499999999998
0.040000000000000028588 12800 1.531705800699961846 0.99992187499999999998
0.040500000000000029032 12800 1.531705800699961846 0.99992187499999999998
0.041000000000000029476 12800 1.531705800699961846 0.99992187499999999998
0.041500000000000029921 12800 1.531705800699961846 0.99992187499999999998
0.042000000000000030365 12800 1.531705800699961846 0.99992187499999999998
0.042500000000000030809 12800 1.531705800699961846 0.99992187499999999998
0.043000000000000031253 12800 1.531705800699961846 0.99992187499999999998
0.043500000000000031697 12800 1.531705800699961846 0.99992187499999999998
0.044000000000000032141 12800 1.531705800699961846 0.99992187499999999998
0.044500000000000032585 12800 1.531705800699961846 0.99992187499999999998
0.045000000000000033029 12800 1.531705800699961846 0.99992187499999999998
0.045500000000000033473 12800 1.531705800699961846 0.99992187499999999998
0.046000000000000033917 12800 1.531705800699961846 0.99992187499999999998
0.046500000000000034361 12800 1.531705800699961846 0.99992187499999999998
0.047000000000000034805 12800 1.531705800699961846 0.99992187499999999998
0.04750000000000003525 12800 1.531705800699961846 0.99992187499999999998
0.048000000000000035694 12800 1.531705800699961846 0.99992187499999999998
0.048500000000000036138 12800 1.531705800699961846 0.99992187499999999998
0.049000000000000036582 12800 1.531705800699961846 0.99992187499999999998
0.049500000000000037026 12800 1.531705800699961846 0.99992187499999999998
